-0.8314150698351062,-0.9341458176197655,0.9303733042982505,-0.44342056111857375,0.8533282017226791,0.34346063947177785,-0.5972858203021052,-0.8034182025095735,-0.5545531723064048,-0.87374985429774,-1.313327678245468
-0.665803026307479,-0.8052650588185684,0.536704908725514,0.10478997356000219,-0.9012577844867176,-0.8154399212486754,-0.4275468900720407,-0.776903239811372,-0.5699053244283894,-0.3838725269533203,-1.3524080205945364
-0.10819915013393189,-0.05974323403946191,0.6169640044858162,-0.23438759074463422,0.9748594114968068,-0.4892279597573608,0.2050794436270551,0.16939069652462213,-0.1263778234991253,0.9218438825288018,1.3625696184532272
-0.10615028551937455,-0.9593630538839686,-0.6952886399803617,-0.6034142540324994,0.23521217068411282,0.7247074118958414,-0.8987226537234034,0.8233588152492064,0.6991923851261257,-0.8646282530427838,-1.6241391431520946
0.38296693891856237,0.07939542045745562,-0.9833078082808575,0.0794888683503372,-0.22237729146483742,0.8306914187908627,-0.7010383895741847,0.46274261873392164,-0.3938113902654976,0.5132631828307497,0.38366015063079945
0.6860979627610289,-0.8829345794030927,0.7731586441265652,-0.9722469897530992,0.7730090192949435,-0.5402469808979087,-0.22352428160672888,0.015605598798454468,0.9088458545067104,-0.07725974443814376,0.213342981369276
0.493542528989785,0.5311754984115251,0.8962683087699008,-0.058087541945088805,-0.25219135778874024,-0.7562171162724534,-0.12453398726617437,0.7067293470832594,-0.31781853253262393,-0.13520425233572775,1.1093732147083337
0.438293313936458,-0.9755133189916725,-0.4975961010670382,0.10839366199082101,0.5291801263835809,-0.1705094098657638,0.65104509358974,-0.8382553023886614,-0.040250628639928676,0.430402191957572,0.0030068142778107015
0.6531652594870383,-0.03938870327054245,0.3765731386862119,0.7408395277078967,-0.9049438584970528,0.29692343022296686,0.5119491708240662,-0.8439387787758528,-0.501964677591384,-0.11047489682763478,0.8485447918164372
-0.6611290619801673,0.8326160491108867,0.1089499467771824,-0.9706737691832985,-0.666411152996542,-0.38359124481795726,-0.05248591304079331,-0.3475302558402513,0.917219929934652,-0.30926294882119554,-1.9112975123575477
0.638417351124162,0.978281909862142,0.5633825085499966,0.9658680399436637,-0.5925278583660789,0.06447454681955311,0.05325124696528505,-0.11842520875399609,-0.8231624656741663,-0.22301117387508662,1.543751149111138
0.44643702989089196,-0.4258862990456176,0.7447322065799116,0.3393540288629613,-0.6791883679548438,0.8790208134268198,-0.03527926934851222,0.7541997469425374,0.9172219067836516,-0.45003504607460476,1.4711247287650737
0.5358401688636119,0.9413414155426085,-0.7289417368855247,-0.9103646910028929,-0.1581043019465329,-0.0012818472790818713,0.17236063068248964,-0.322306872216634,-0.532100625208584,-0.1839548173885308,-1.356782700166324
0.8349051367276576,-0.6782845570763885,-0.12184737102446408,0.4066302024092858,0.44752510714595717,0.47648131755127676,0.44906553200185995,0.5645068280015633,0.2848017384527981,0.36374735836692795,1.7155488873580036
-0.26279891245163123,-0.036595132217480675,0.5810774172665045,0.6363349942678391,-0.9028900992966822,0.17005659573811127,0.32360430954573927,0.43310613032203715,0.10327644699787841,-0.7440349526158083,0.06314983049276474
0.561113777218635,-0.9295402951483933,-0.12418827267437482,-0.5035400546477893,0.24922170595065896,-0.7108987047787174,0.5799058250902485,0.2815122684019291,0.9872225638525869,-0.059165054590964106,-0.19400662292366117
-0.09003231123554278,-0.1379917909770494,0.6278583654921588,0.9264860492792519,0.22884564871266377,0.40486824963413515,-0.4805949597368926,-0.43753776882574913,0.08582364966828626,-0.28562535596731164,0.9934559936125461
-0.22966796260682987,0.4748963319963435,0.4878335857965215,0.8563398263706119,0.5303011496541108,0.12112307286124468,0.6096340167528222,-0.5042651000405458,-0.13066647882019766,0.6641542219177212,1.8024547006597185
-0.730231367783515,0.1922808735943593,0.335469115519913,0.23088652079798933,-0.7656697818347722,-0.49172961119108494,-0.6084777268077532,0.7874354566452846,0.5117265740460957,0.8879033011350805,0.9482598538557946
-0.5451295300216181,0.14296529889443788,-0.1678865899557953,-0.8251972656834945,-0.8150641313659992,-0.5283882430351647,-0.7616706511795901,-0.4529570146524293,-0.6710460561176517,-0.83795520199177,-2.945110448823098
0.8083472703824968,-0.12256518254569881,-0.07031401974152973,-0.9898251208506521,0.4590833017227194,-0.6352168314446534,-0.17830924325865727,-0.7540547474409067,-0.17663299816787092,-0.19650092447159473,-1.0443098774184272
0.056623579927284284,0.6395024479709095,-0.4419161520205661,0.3728382705359037,0.05507862711719547,-0.9010366238341421,-0.7462708415954915,0.5887633602046278,0.6722226977367469,-0.8307272978273255,-0.5815912071099719
-0.7500404310678037,-0.9263464182495802,-0.10318381411153599,0.5178495470947213,0.8185063861882187,-0.3498077141377167,0.0319961703969478,-0.25359605536427043,-0.007592514513210746,0.6413056334538594,0.2653753763663909
0.377492261505906,0.43367136510831594,0.2083432360741735,0.25691737879373155,-0.0064884781535961,0.27939788138514543,-0.27336751893306155,-0.31678934373249246,-0.17259820596163022,0.6547889821544632,1.284807168082166
0.057687574500075556,-0.18034601565304098,-0.8252252328174241,-0.5979255476422711,-0.6165145573721138,-0.13986487226738542,-0.218786361491621,0.9935436662700698,-0.46971545361827904,-0.587868938148816,-1.6213890783709408
0.5759719655576283,0.3531287429566685,0.8360077609286989,-0.6222463886736573,0.2960827784832969,-0.48662880934344943,-0.8829455061898588,-0.0008222561268034223,0.15018012022402516,0.8753768442576124,1.4316218596960049
-0.2652647370956347,-0.4527452216098926,-0.4799685219681904,0.5861840075890186,0.4364726460057231,0.8616095483464541,-0.8436940613055961,-0.6943146227818453,0.5663437667663376,0.3802817649885555,0.10102033938738036
0.46865916389973994,0.3292217588573134,-0.6309075661391095,0.4446034086304196,0.10879222841185854,-0.9474601067748918,0.33002613736486053,-0.9157785775290352,0.3868544637488538,0.6046730103929432,0.3602127159403212
0.8827677534573894,0.7028269396355369,-0.9676675461602442,0.7760131419482581,0.3818117835355972,0.04535899725341075,-0.25862328626191755,0.9750855163323993,0.22622180769460054,0.01777490740208587,1.3671010522912683
0.7966619751142707,-0.48010797087270185,-0.5585933488028032,0.7110766366327861,0.559150622104382,0.9097360828059358,-0.12102927463352664,-0.5996095190763728,-0.11551496226802072,0.4932932646611965,1.117729155528194
0.31587189595517784,0.8193633032571546,0.9682240411646312,0.2964966654967236,0.763195674427813,0.7159488610492233,0.9080264743171511,0.8391490869074909,-0.95198977251688,-0.11055780053572573,2.3025559219247267
0.36645318223507184,-0.8693847826097569,-0.46236147491134405,0.6444932249400612,-0.326818102688226,0.590052967685865,0.003582860345730632,-0.44324258709386766,-0.8755370228897799,-0.8309395636887127,-0.7073174062079775
0.9746910416368284,0.9028052923891112,0.44048355556396146,-0.07035498513120575,0.49178015338497616,0.1550959648158221,-0.6721330100184666,-0.3312113845598792,-0.4815580333348817,0.5381099346602156,2.028764800925634
0.9689748407283181,0.4201680677045978,0.7683670601684227,-0.8760793108823643,-0.2762388851914812,-0.12765825881073112,0.9327515389700873,-0.35025362444954666,-0.7543821965804316,0.8703069359339817,1.0544538355614816
0.9438544415629637,0.12384692936901054,0.7593127180112906,-0.6247295955485903,-0.8822635055427239,-0.35656678997094327,-0.9660170246463666,0.7116326137665554,-0.6844861952265611,-0.9603118041288037,-0.2052090050813976
0.08246876759422372,0.6703809428055354,0.7234345424174153,0.011246952017812673,-0.22856067931438484,0.14658601007646244,0.7991845325387754,0.6138008131268209,-0.36965940642110695,0.4303694327903198,1.4899929263668261
-0.06569077612810914,0.005709525422836759,-0.974642832622425,-0.7824600940386806,0.6355155918538997,-0.2940265710337113,-0.5387182320875537,-0.3563774456885269,-0.6915126567832945,-0.055123553853026586,-1.857313863941696
0.7610353358712789,0.04195252079877787,0.4228865557824457,0.8423748011571561,0.8906118611701741,-0.8075575310364984,0.9304899613994531,0.3294828944677426,0.23602618424931365,0.8650447912184285,2.966879617206542
0.755368247199325,-0.6470994029615467,-0.16710089745829926,-0.6464336232959738,0.03853732104054197,-0.04891225436502311,0.24576540866655994,0.40205434044795973,0.42745396071111896,-0.09870595814063621,-0.07052770160217547
-0.7583196494934943,0.12810552612214732,0.6384816768366361,0.21420403050894543,0.540203368502781,0.47045942192382406,-0.8141429148600916,0.1094428617409624,0.18240539283042745,-0.6251876763481024,0.06984004468064278
-0.09087823056798428,0.4538386287270286,-0.4276221984544035,-0.19441411640149808,-0.7423594928707895,-0.033089237407631256,0.6083131763912617,-0.3834588484415875,-0.29620214426574587,0.44824636765566117,-0.5208676714865029
-0.9501632691332826,-0.15892670221941252,-0.6047879390068762,-0.4347917516846973,-0.8540509736056141,-0.7189965656723691,0.17373513013955755,-0.8463372775862208,0.11253761232663617,-0.64812458419007,-3.245714372459475
-0.22432643144522446,0.42985775320917896,-0.6444038162454975,0.9403164448150123,0.5839020386782383,-0.0992998367960427,0.1977664815160345,-0.5833643133035578,0.6855317906640837,0.6707149703863688,0.7888209926018496
0.7182515285155444,0.6363585471565858,0.47900961375594187,-0.6188556235960696,-0.9631173568560152,0.8355961419947473,-0.21834331193374856,0.12527974313583212,-0.1483997080735775,0.39725838938144564,0.6712691353204738
-0.6412320389050965,-0.17956584649188834,-0.39124705617212907,-0.1214008382833931,-0.7654500678913554,-0.32535069341548595,0.3133805799399598,0.8494623130200118,-0.05093533539173012,0.8141076037886441,-0.12499193506072136
0.3215526675141178,-0.7761048293006452,0.6566593852611928,0.28594076781274347,-0.7771083283429308,0.8462166734835852,-0.869458657030381,-0.0947628861050891,-0.502972567903158,-0.15698697149124596,0.5582665908317785
-0.6104658914189283,0.3694441742286658,-0.48789089427742227,0.16101909749007515,0.6128889529434483,-0.6041273423716136,-0.5942539563707208,0.023205082209579952,0.29346519147992867,-0.03474058100600019,-0.5875411768374712
-0.48098520197058536,0.7198515847929492,-0.764978532745689,-0.8161864521956861,0.6441626202878097,-0.009860174019276746,-0.1997668775414534,0.25688605078296556,-0.251963904356175,-0.9850235394054405,-2.4245829292946217
-0.12909742485041842,-0.833362411471956,-0.7473470047746613,0.4901081590357046,-0.7136585704936989,-0.8019990011348597,-0.10308731535429749,0.780045214299603,-0.9315176253598323,-0.269550500350082,-0.7507392126984365
-0.46444828393799975,-0.03067534049401921,-0.09423924470332978,0.5269189048375835,0.6521184371530464,0.9824221284573176,-0.07233131978343144,-0.4133442999961263,0.6752669829784075,-0.7091396804878525,-0.2587622727140559
-0.042349655447782686,-0.10038768658800001,0.22419617713302076,0.5648271158411262,0.6946789363790664,-0.5608014460932036,-0.6120911544487908,-0.4846612424748957,-0.9404799446727685,-0.4989818295262838,-0.0417473707920305
-0.27036855305831353,-0.21516452147047227,0.5550710272051844,0.6413489849010541,0.7945903743971428,-0.22592844347265362,0.11584771939417848,-0.23786594253949955,0.9970098382157895,-0.1444452658578006,0.8694187095649342
-0.9925273891152535,0.9164596937229432,0.09763813688719569,-0.39528609563124206,0.9219728983344702,0.6200728378108487,0.03214134857589346,0.8153194468704139,0.8182533345613752,0.1681556116972993,0.16407429456256678
0.8556457984548282,0.3384943387566661,-0.8820192591683413,0.1396262777430317,-0.9545683483811103,0.019128736575789285,-0.7124086762051336,-0.04996724249677986,-0.7920324192294674,0.25905556839965316,0.01814817909813954
-0.85716828573677,0.4226131793820991,0.4091023205161952,0.0967917115191601,0.9318562330930584,0.10046269619817383,0.7287934439117203,-0.91434326692197,0.33698993762467766,-0.01920674847846171,-0.19318044812921636
-0.9445314168943237,-0.6873497217650757,0.25159526895809337,0.8709116472792386,0.8454943558724224,-0.17279672193994267,0.41515701030534546,0.539306208441575,-0.21697912932497565,0.6816221697123053,1.229186772270107
-0.7970059869595796,-0.10395029134753164,0.6856630966160533,-0.8237332540769788,0.08249792101532316,0.8210635415206575,0.9043520210430978,0.6370488425510763,-0.668862593190414,0.26195521910909125,-0.19232603667521175
0.1780317941731282,0.7187490497853459,-0.7928426471852383,0.6231861625858826,-0.25418331298859176,-0.6680522083726708,-0.7078984502103387,0.09800175968453928,0.15232530067080008,-0.9450980201277244,-0.9894589280553764
0.7274280240007234,-0.6185065408661188,-0.10430835713221254,-0.17030000613661578,0.8948744965299711,0.4609497573489769,-0.4822572848584066,-0.19923433381467537,-0.8314561341853557,-0.908452604413645,-0.5417831848234327
0.7180013243761427,-0.6349317772368637,0.08206217362082291,0.0075370400155443384,-0.036136380471890606,0.48375914720332047,-0.39370938783572784,0.7168611804835494,0.5893617072513198,0.09097028409943841,1.2212897109274428
-0.5988933171839419,-0.4361175837108551,-0.2505392588690929,0.5285092020172999,-0.5968519423357963,0.9868824892182346,0.9959121039463505,0.5089878536923935,-0.21288527843280702,0.6150630706059521,0.6477565967092137
-0.9681620119616325,0.8052470852198459,0.7582605895953813,0.7987017392539166,-0.3572683415083928,-0.9554459241320434,-0.13818883676665372,-0.9379599503276483,-0.7016908000688051,0.15954568044018425,0.048821994089059156
-0.6876902892052146,-0.11744870601267876,0.9420849394765467,0.6047901884767128,-0.021339758150023203,0.10142136207770203,0.8176912172680826,0.4004573432723577,0.21493351222934232,-0.9703718727777537,-0.03168568386896048
-0.42886408737032,-0.2402214097902977,0.2611191173511431,0.576063452142213,-0.4394639574675634,-0.34981897986539057,0.2473809053154541,-0.8272425820441014,0.08773223030793931,-0.5039137185375282,-0.9482669483368447
-0.39624462718971465,0.4454512331855134,0.9821809119340175,-0.45544461619136345,-0.3369163124337764,0.1492982280428179,0.5586993759367556,0.15988670327529153,0.6702849307018126,0.04240003698509387,0.27097091055249406
0.07656224066269401,0.8682798116018557,-0.23699326471247129,-0.5370237822703037,0.0715057323027779,-0.9106976181197213,0.31579670337823385,0.5614103470795775,0.8465156659979767,0.41741465944568,0.03363120537640417
0.6857870976137226,0.6008357476862576,0.10327852418961747,0.9386896496940325,0.49559889652908606,0.9842705137742769,0.45259463989735393,0.8855434040532932,-0.40387776059379,-0.09199407062980769,2.4196528434714284
-0.028716513922558473,0.1387092168713322,-0.7224653556152512,0.3924642429562035,-0.40246201288405326,-0.2675665679814705,0.9395178867274263,-0.17620887615852476,-0.5613357271766828,0.2573113283099211,-0.3602488025716493
-0.6066203009779159,-0.22560045090086356,0.9963818969703504,-0.4153666605123656,-0.9814492573884162,0.24920259603706163,-0.2529115866910494,0.26808029345549933,-0.912263739129316,0.7649478744652098,0.5500305966459755
0.09409289367026719,-0.03592763367229024,-0.7097004068599466,-0.744478932535624,-0.5615766991048952,0.8228025278110354,0.007065284814551154,0.37868550085149977,0.33423004623435193,-0.4267739271426627,-1.5170497051859442
0.09890192460364089,-0.16908533120297253,0.1951068118187682,0.11851998947784925,-0.4080011720606924,-0.8838980977901105,0.32457328769457794,-0.07191190964464145,0.8482164046309852,-0.08127489861614601,0.2666985726157027
-0.4234104920119732,-0.6508069923435396,0.2600942560467072,-0.0462628507971139,-0.2533597314607925,0.253345503705517,-0.4082357826358787,-0.3183710503846082,-0.4788825470945406,0.6149717951317981,0.18346551522812057
0.47819018900971955,0.8738627141768214,0.5205291878257352,-0.9854137300763501,-0.349698378800366,-0.9987759660899269,-0.7448664839513461,-0.9616136163908464,-0.5298028369291432,-0.8506097334731992,-1.7734180802793449
0.37664840790810405,-0.6414889723443469,0.9981816820019811,0.043240148934555744,-0.3741345303286203,-0.4530485452456634,-0.8190381616975424,-0.45785706053782804,0.22490985681047393,-0.018790476670482503,0.3946336139370682
0.525894285969237,0.033216975038658614,0.499111904541236,0.8213456396171441,-0.28893295725177404,0.6235949327982415,0.554698036426047,-0.2132892209120847,0.2230829469677118,-0.043423051372631694,1.3972310319608774
-0.5877991260215134,-0.896351229220439,0.9121965424603151,0.3045707755876834,0.8714181484361827,0.3883384658140294,-0.4764594195984231,0.5492691242455603,-0.8787496220282938,0.9000912537104626,1.9727717653439782
0.18125083099075878,-0.8077215591057201,-0.15607508636166623,-0.7430530052077371,0.09851337104267022,-0.9201388233127468,0.02385121624295472,0.23697511513443237,-0.16614322773622536,0.9116825669174742,-0.2878519795484266
0.23353393303142989,0.8588618303470501,-0.039885120879142866,-0.4873253216511233,0.5044458819259381,-0.90546665585075,0.5796041620278527,0.41867576339085977,0.9076341443871927,-0.3325115506635288,-0.07744478696279805
0.977105538544643,-0.5846998836600059,-0.4252722698335567,-0.8614460483551185,0.925926334184467,0.1800434267288995,0.2510574565471102,-0.8323323144063381,-0.1472799160872149,-0.645753432160127,-1.43560419887635
-0.3309335561995306,0.6929347805632169,-0.576575365230632,0.8856997115152423,-0.39092246080476034,0.6407060503916704,-0.07603763265459307,-0.7474971754365138,-0.29246961568791274,0.44757107150247455,0.2190691453564705
0.8678798824603453,-0.937878124313019,0.2503759630377056,0.47118770981168834,0.15151119784939793,-0.2605894293648807,-0.775830671119029,0.6602832338220432,0.9703438896539056,0.19164408703492541,1.75804504910842
0.5132841732728968,-0.995052138285069,-0.1426843225904857,0.6339462926464547,0.17687395013808804,-0.05057530613095107,0.306005126941731,0.4007977843269115,-0.43963212876711566,-0.05461229149026692,0.9223617551116206
0.12920601600211135,-0.5374916023983234,0.9616152330716474,-0.6015624430457955,0.34834778053658044,-0.4682247848147749,0.6534949806559454,0.8475787213337433,0.8009027017929298,-0.8496287093382209,-0.007390707548396162
-0.00793986797717916,0.364333194706288,0.2851500206027662,0.5759607204497754,0.4050585204936257,0.08846667229124572,0.8984269157453859,0.39514912747563,0.4637596020342798,0.16481505061347557,1.4234787229880235
-0.30164368769401495,0.550575593019607,0.5579212666971478,-0.7315400533398939,-0.6353967898783766,0.6603833566652617,0.12908497087316917,-0.4192932055788936,-0.16115908568882054,-0.589605591665981,-1.1174161020121478
0.7232255359551207,-0.34682449878402877,0.9282394870853172,0.6590021979852998,0.2253436952628487,0.9375326345888837,0.09993393588976063,0.13117985193227422,-0.08800976935060412,-0.7215049280907677,1.5635557629934427
0.6496819945190087,0.03329827334576274,-0.649625556272998,0.9667445326440618,0.7586165285271627,0.29097345961086685,0.3419300146696802,-0.058375770349803124,-0.08727341012505274,0.3300318946756058,1.654741865459469
-0.9739506591811766,0.5501580121079703,-0.9809771121274611,0.25024009036279526,-0.09192817643622009,0.3876404210843536,-0.4137797356878472,-0.3806938564912299,0.5080254511439148,-0.2339624028420706,-1.80922704154533
-0.6995959082617151,-0.5589971474939719,0.90670687666691,-0.13414313651346066,0.1976531826613408,0.1098830616490225,0.20697052379541803,-0.17459963017659486,-0.36330395660406767,-0.08745362871475204,-0.2469497719230154
0.3458033445828286,-0.5604169207566916,-0.3406727411021202,-0.9883867784508431,-0.6414260600344239,-0.7362262705974729,0.6307340792422291,-0.6441670053410822,-0.6776161813384936,0.6572099453368387,-1.151512019528216
0.15470648460224123,0.3051402005899937,-0.9377638021601418,0.44793553288831545,0.2617864731758248,0.16891427465445408,0.5262743814830568,0.12453804730239115,0.5194970629441185,-0.6424017260269277,-0.6056924379987217
-0.10730554041186435,-0.7974331514758415,-0.7834058318221369,-0.3811288962726762,0.6275835409530552,-0.5823293089828441,0.21484470644851372,0.25953568810498795,-0.6662301995460087,0.31816453838041525,-0.8503714273737721
0.14595184571058617,0.46539861249647574,-0.6466467329502905,-0.5820193165349805,0.290022522184451,0.3567530079624519,-0.28449822590074114,-0.011280940252828664,0.7482441786963909,0.2019326991579018,-0.6545971886204549
-0.280553877274752,-0.7713292405538026,-0.042984979335598306,0.49902790585763057,0.09421467014478258,0.29593255234747784,-0.04826213897815679,-0.40191724243777216,-0.2846279563681122,0.79500263005514,0.8986467039184147
-0.6269159418412089,-0.20243774202397402,0.14072813648560745,-0.9196299630267657,0.12412180466873268,0.30469516459558466,-0.04107962189297942,0.7582405171285009,-0.8718204775009648,-0.3648721047048027,-1.101782015895043
0.035277464080748944,0.1550182202475674,0.6309830039376068,-0.806428483811201,-0.7181705744079199,-0.35126902547364813,0.23467326640653163,0.07120770058526071,-0.5709356167870521,-0.11965876833643452,-0.5205249871222569
-0.7670924278897313,0.8844092581151322,-0.3765495754052357,0.6258562141255846,0.012755010113257192,0.08729758233301954,0.7686990953710571,-0.846077691579632,0.3064281365065975,0.8272191621134994,0.11257929541733327
-0.09208815553077687,-0.4084361786174644,-0.5216644796082814,-0.22732152590846666,-0.03793302679888466,0.7367379804090803,-0.22571147036538108,0.47153616318584035,-0.6360951229309764,-0.15607481419513514,-0.7322116642636962
0.19948522289541337,-0.7077518587433924,-0.03455617960131585,0.9394084359026464,-0.18526656427526578,0.21469534907515309,-0.00802457766600928,0.44886916408028266,0.15197278759918298,0.7894177601002241,1.8263861136330242
-0.20097653736826193,0.2135357488785372,-0.4122600767924687,0.6466823079898085,0.030822584553657162,0.8274312944041782,-0.6448240100052502,0.01382741524130271,-0.9330221813448807,0.12049296946480914,0.48890212227841134
-0.7153003804301477,-0.9549117169305892,0.3742933943782165,-0.45103029275698603,0.7914154303622285,0.8294390021575413,-0.671148860521001,-0.638778057400361,0.6799040286031319,-0.7388308872829725,-1.4093056458879132
0.7000319823892418,-0.8856125275817863,-0.4584533544731342,-0.6591665827534576,0.10641443844240794,0.8409088675048908,-0.4617277385608438,0.03825942600828758,-0.6189241664485317,0.08566852485819121,-0.3777020621854481
0.49485059811934984,-0.9360627683942315,-0.8590630318321815,-0.7446021641484415,0.21668542945937652,-0.72956456774305,-0.8739986878787402,0.5878919877267483,-0.1561698357948944,0.008429707971034928,-1.1698741182251504
-0.3115720719495887,-0.18795094846181315,0.7200660229042526,0.21240986292276753,-0.8643259160246004,0.5938600667076672,0.534075928362896,-0.2065714571103905,-0.6255806369709618,0.13430192368245342,0.20374418530499325
0.2613772599918587,0.8046776375033906,0.19137715146972822,-0.9925283043741344,-0.9748401114961833,-0.5481415296655046,0.5374766390403973,0.1385820040528667,0.9126665823587288,0.8730817656080543,-0.09469100106215472
-0.96104868771049,-0.15073015945484047,-0.4500933892141812,-0.24650176159305137,0.9190307314238431,0.1464488642151185,0.7263763194249935,-0.20586859775042465,-0.3525143491119336,0.589731802242895,-0.5408801318211529
-0.4232556937292631,-0.5819960921252554,-0.09097048955945186,0.7876656890732727,-0.06272902873426989,0.3954153835736123,0.049828298932834025,0.9814335560942822,-0.8094843851269127,-0.1364664119765706,0.6235355828716356
0.6453653668894097,0.42653924345827376,-0.4580784976058123,0.8386357657726424,-0.13502881188866755,0.057539748536932,-0.24751539777809772,0.42246950904898384,-0.5571279117189845,0.35568078612015763,1.595070089297875
-0.21970631569202803,0.43801335273568975,-0.555302985387826,0.08288754578984436,-0.25536882471769795,0.5273859350534926,0.742567126780403,-0.6444942194445547,-0.6119770376612734,-0.7460882199070427,-1.6793635075063102
0.9947797657268405,0.9780512050707262,0.25485820865389375,-0.8507956515334965,-0.7233011101013993,-0.7566722276095537,-0.8604228688381184,0.8000709202055281,-0.6671672976025056,0.8641364555314883,1.1825019137726847
0.8412757337874242,-0.40994852621503686,-0.9163357666744563,-0.5819520976253492,-0.21361183817450513,-0.6479697996716096,-0.7262128068854989,0.9269399470064552,0.07850598940219666,0.19973100388401877,-0.26079961650623923
0.7813829391126133,-0.8656809036702899,-0.19263095302522237,-0.8122743113566222,0.940677632402354,-0.8394317590856042,-0.9004688859167709,0.7538926969896034,0.23113881056741925,-0.5070168172259717,-0.4381888096242621
-0.04907474691392277,-0.15085478049986034,-0.5073437258654858,0.28232985566622215,0.8171705098882862,-0.739064071763234,0.5513784810445859,-0.5978019249743378,-0.7407673673382087,0.4499326207962604,-0.12234300052271432
0.4236192209057199,0.40610359200396573,-0.686636774548693,-0.2260659040417894,-0.7629924355716335,0.4161370037621279,-0.04276328773740379,0.6145647054814094,0.12436954414764667,-0.8111195135006266,-0.95592396654292
0.1747654225486237,-0.3716868485350511,-0.22079067801911223,0.5595950199082267,0.5844148907808513,-0.1526656261616952,-0.9560516495026816,0.6431982718584204,0.2581357663473176,-0.32238357014666397,0.6020131903727954
0.06718185604158311,-0.4537495429547289,-0.6580773181692978,-0.3054979282353405,-0.3668476246723693,0.2239304758077718,0.19223491340671095,0.9025832161063605,0.241501678649656,0.5870507642875011,0.19213672634132223
0.02017246437781206,-0.7974248285867584,-0.14658344398486123,0.9667980432040602,0.2575395550977517,-0.1432946676705733,-0.9747456018632452,0.2474373247936068,0.42520754033727104,0.0936240329093403,0.9181687857498136
-0.9802273351111535,0.19852744230210018,-0.755243436112202,0.8245308123729991,0.41509280643256363,0.4454405181950307,0.5593454270001674,-0.16407294732170308,-0.09896094048695492,-0.8211977888696183,-1.33144145901107
0.761196507507911,0.9525222695649607,0.8851579211621468,0.363297514219477,-0.5623583058129267,0.5946299330695264,0.8741889801264819,0.9059409822103739,-0.019182068144971476,-0.2166795545830691,2.131852108313983
-0.9158168134636044,0.919604899946457,-0.6779789705749997,0.8925535510258651,0.4615141718538829,-0.8258934477741127,0.8872842653098152,0.13684270261428133,0.8864687197080661,0.661457084424957,0.438432271627014
0.5548051802237322,0.4532473831800803,0.1435955257492052,0.8015878513592694,0.32193429682264885,-0.9150619627270644,0.5188869765094175,-0.14764808439235577,-0.19510611440529102,0.49371790022267725,1.7708196124267876
-0.4165414235968401,-0.43194655995897135,-0.8461294660476286,-0.4323744614953233,-0.19959004629119104,-0.8717772685009402,0.031030538063790525,-0.6818556603324193,-0.6363184360363021,0.0838793420004782,-2.393351958346822
-0.020160097544433375,0.3081266635839952,0.9552430626358581,-0.6470142330372035,-0.762691859335952,0.050037872219101276,-0.8219205139955439,-0.1464776439130504,0.10181519049722842,0.4134795585137254,0.521242825497614
-0.14174103571912644,0.5098006988536035,-0.7526330874436724,0.36010770481403753,-0.26067518875611184,-0.17329607726575835,-0.4845221154607837,-0.020122211006300628,-0.5549274672743603,-0.5631212692125596,-1.0522150333973541
0.2693001327266136,0.1385096547434348,0.5046406837979702,0.4759711655850407,0.6778222898635482,-0.029831885215252818,-0.9868509243914427,-0.5037993655562343,-0.4668094272504397,0.8474955313507218,1.8386568915802484
0.6856730040371495,-0.6140749183462386,0.6405610710857998,0.12584568182348121,0.23466624045515116,-0.3219306901757306,-0.6202439776131843,0.22378756165336156,0.8439837618482078,0.4534850209962573,1.7285787068992071
0.9200658127159125,0.9652770194489615,-0.7334665061870853,-0.25865481035448035,-0.9704209206714658,0.3049303634812177,-0.9290017487957298,-0.9594617333034747,-0.104272390319752,0.291567601189197,-0.6322895751262847
-0.3815263809731675,0.09044183852870757,0.4341168999546299,-0.07574465286386989,-0.8170098419333987,-0.22478433419508326,0.22857768555343005,-0.6642111012627339,0.7986493410524602,-0.45329376594791637,-1.1508245737145517
-0.6726759838122995,0.5677332256987038,0.9954609473753089,0.740543961246745,0.37687560669266085,-0.5052924202213949,-0.8574228197042864,0.3465120273383626,-0.6724005441667393,0.09689559709734796,1.320572976469844
0.15208087957195593,-0.3475504784362564,0.7401012202353108,0.0430450708791732,-0.5607262124199681,-0.6813625968505495,-0.6009090421633809,0.8978266522518827,0.8718266526969534,0.6766785858184479,1.5709156754321763
-0.9773969098575732,-0.3384306350252688,-0.0002782327141073182,0.007447487472475922,0.08623673138295906,0.35450217668576944,-0.4767674699320903,0.6744063188654414,-0.4011532571673915,0.2773544881660186,-0.011472009840093778
-0.8144444072228885,-0.803841057569517,-0.25115959656878784,0.3136789445286343,-0.7900146164432169,-0.6244049824249422,0.7146364459827319,-0.4569996129194125,-0.3530319193524831,-0.6500044688420403,-1.9629406346919462
0.8784700894487234,-0.7081208054912764,-0.35139611192404896,-0.5186343836793217,0.7764076532111197,-0.4086794969666896,-0.16099608470435256,0.8160886792348827,-0.33383536469619424,0.6748404634651337,1.006147282535817
0.3080573196307206,0.8964723125825549,0.09133938789397877,-0.11227637464032147,-0.375121193353503,-0.8007937075094018,0.3402924350467058,-0.16301145295730723,0.9531533851549387,0.2891002368986546,0.3062745206613364
0.8751975888940473,0.9765810169580083,-0.9220963573298433,-0.3007068254734242,0.39031701925123574,0.1344687457561804,-0.8000459855546707,0.9520877006472326,-0.8679306315910233,-0.9131098937953821,-0.5665865524975283
0.7407182553581861,-0.24503385995904292,-0.2721059963583705,0.4157180981390689,0.9078432411491086,-0.8781165628709626,-0.9745505578494598,-0.736538140864273,0.17663981120540595,-0.5372770775405369,-0.17605061144823725
-0.0316573855100164,0.35947460975506207,0.7180127366562741,-0.6851547964940206,0.2770889405893948,0.32076781692822487,-0.6420944518150147,0.07953282139583928,0.050719596965503655,0.521398770455898,0.734462229700325
0.008170107599570375,-0.21492571916784686,0.7168457520775999,-0.37921148698132945,0.1742499512479334,0.7045960563514655,-0.7766320509035367,-0.8645782689091666,0.728602670801763,0.7220717165939323,0.7920150889840083
0.7216776728606493,-0.9976008403087662,0.4665342303223985,0.7727479921699874,-0.5753813569955071,0.24678101181921508,0.4338379590435817,0.0435416477025079,0.9650220820651061,0.08675123359161163,1.4173118995670264
0.7439813833142319,-0.3102995127365542,-0.16900470837627535,0.303145890701058,-0.31580168488631544,-0.40486636646363205,-0.7859721613001791,-0.8445681858510901,-0.4510028884294732,-0.552026773399815,-0.5785872411579286
-0.4635643870660795,0.7901410410991372,-0.19301291996509118,0.7997978827218379,-0.420515058927722,-0.30889061492964,-0.7609296148684406,-0.31449738208221123,-0.7632127873710219,-0.034117380115726625,-0.199271724095515
0.08870085396216276,0.3773054938946294,-0.5618592491882644,-0.3595113478130596,-0.16073822331867893,0.5778247832788619,0.21785734430735015,-0.685560601655703,-0.4975931772193365,-0.9812752922362784,-2.0041351581666844
0.4361234000580634,-0.3643180948550473,0.45281260916234567,-0.5499667664180095,-0.4495773868858026,-0.38764064214809846,-0.3577633231330841,-0.23471153876044415,-0.7737777547816584,0.5099093709411937,0.23302348847829396
-0.2334967292882315,-0.9649356281194232,0.8030229872629335,0.4739605458789833,0.39268596767609765,0.9361598656533603,-0.4426709719526889,0.4541586122699981,0.9395930758688809,0.6361014141950232,2.087117150939522
0.9509832575610386,0.8459180667767594,-0.48139919401651876,-0.41327573814155105,-0.7063748664467993,-0.23856159156315804,0.17604208524544385,-0.40502509164862355,-0.5549022074340046,-0.16247535631004362,-0.5613880044890136
0.35334399858170107,0.8134469248020384,-0.720500972375328,0.7437620152994442,-0.5167791481865707,0.7189394455424194,-0.8014797074976796,0.9777072327514558,-0.7971009419593575,0.09762507815310295,1.0782900979091536
0.7432859496939765,-0.13747765898792297,-0.6729014913096181,-0.7061406354257478,-0.7554115270171919,0.403311817017296,-0.5016154552591374,-0.8500476650097801,-0.047889065046236245,-0.021460275761264302,-1.5357408180351009
0.978025993902709,-0.7963265728661197,-0.7873757838332134,-0.576204736433847,0.8458396029269732,-0.03674629116981709,-0.9050635296053553,-0.8092064389992382,-0.9533244229617321,0.7350330429417118,-0.13904833353093346
0.8929760528463153,0.8135817799875422,0.06790766657965408,0.8123308130675322,0.9949326707023636,-0.737486059852398,0.5378292109137428,0.37310618953789976,0.5726492650221136,-0.02339965649870801,2.0106092494521537
-0.3555098022918177,-0.7760149214235581,0.9724006309861408,-0.5757328721510955,0.6546318029913307,0.5311658897003555,-0.5773507977134962,-0.6206420656438605,0.684789057228663,-0.8985103627492776,-0.873711443764024
-0.7362723674098874,-0.5178860552645448,0.07610422456632504,0.8934666896061099,-0.33197187381228543,0.19207975136122224,0.7175725520080438,0.9501680311906,0.5221643555171089,0.09244577932508458,0.9384440000940479
-0.23027211892603106,-0.6156607909262097,-0.8330347318904405,-0.8201792538788095,-0.8302745485718315,0.044891497366271294,0.6021859442989668,-0.24375568643743306,0.6411324096265092,-0.7992312583655694,-3.00644750421702
-0.8624310804973909,-0.7516494678896981,0.8666082504103401,-0.4303052045956539,0.4345735793579033,-0.6699171115822224,0.8243927306961567,-0.3610421739818661,0.9208319542811148,0.07963001718527818,-0.6094086767442368
-0.3345647180228315,-0.7840691843700949,0.8878356989915348,0.6907127600870429,-0.2934254880507665,0.8523902621049837,-0.048595970894920404,-0.03958819367223554,0.6167764762693846,-0.0996399926632916,1.09585610610394
-0.08579275394044239,0.318285628032291,-0.8112095154379559,0.3817384090969205,0.4913862635205952,0.25763258511739506,-0.030490480765573258,-0.5440031795095996,0.8476889324776762,-0.4800133081689375,-0.8348450155936097
0.46535979769147184,0.6622857709370771,0.4711401097943084,0.7163529485344813,0.999744531541713,0.6416611785938586,-0.3809558144541003,0.9998193919751641,-0.004543467133339751,-0.09984211890049122,2.685601766806783
-0.20951859512626014,0.901802741353567,0.5413266882703747,-0.012137387860110316,0.9377929957375339,0.3527256013039721,0.1099522566418536,-0.6581420111951573,-0.16810274257242885,-0.6297679658614683,-0.15476295355433056
0.40786957181620886,-0.1099302782000593,-0.3850709515035651,-0.9506346002637636,-0.4224254149496993,0.1936918889654582,-0.7239093759043651,0.04716867404036962,0.9653617688977605,0.4177806692463504,-0.6988762674564952
-0.0017279324227599258,0.35130523127037083,0.0852598419775068,-0.47658694627749587,-0.5067692142609375,-0.2645889006027353,0.6258105338428681,0.4858154254200133,0.18957189174869216,-0.2085046725163191,-0.5007762766794359
-0.7771703178639231,0.3032415815969862,-0.9663339125180759,-0.5529399816255345,-0.46851298041202005,-0.2656541839895794,-0.6400553030730083,-0.23632264914883727,0.33798185490909693,0.23311705669641225,-1.941934005285239
0.3204205214691447,-0.37369872516808433,-0.34460289789105225,-0.9435874746738899,-0.6661553265048497,0.2747025350535719,0.7237691703198477,-0.8702143801024236,0.4649195242175994,-0.17762525673094332,-1.847414625594352
0.22428029517318904,-0.048302329276286304,-0.595807432785904,-0.348022947249395,-0.26445665640676785,-0.9241464261601617,0.4072587090739357,-0.06915773854923524,-0.7319956987697014,0.6455919126294167,-0.4845422695453157
0.7811779378219521,0.5791115228380981,-0.7755252062934239,0.9783140866907072,0.33286485752620165,0.20901634115189927,0.8179571527964205,0.998042658963102,-0.10943158250273166,0.17598332621585833,1.9159969473013938
0.8455547255069265,0.9851915080383269,0.7531622578448496,0.68122822316215,0.10290426832707555,0.056399561283723365,-0.6948934992895814,0.9005355323577859,0.004902097027448926,0.9515262324784446,3.5531228097583694
-0.004728937586792714,0.6713639638045097,0.6966302857819862,-0.9119256309704367,0.8550027971031735,-0.8162327946757977,0.5418594823624563,0.23210707860706847,-0.6320144110929251,0.9404688976311744,0.8272221238247518
0.4806236761297733,-0.16949406836721437,-0.024946867985936372,0.5709673520827834,-0.7263890384494944,0.2462957146657554,-0.33742863501212317,0.4433709090798832,-0.6445881549313741,-0.7451142819600476,0.08430821140785047
-0.7903544760294099,0.03167007994947868,0.7561196025486012,0.9147899272139992,0.12576343450063465,-0.8054531430892942,-0.761121218279561,0.002104468860195219,0.8901678403350621,-0.42941402600644873,0.5086321057325581
0.8890179517506815,-0.8596697930595028,-0.6349250731288054,-0.7392731974048736,0.26722964332531585,-0.34701402495547606,0.7725824049211463,0.4905108557659754,0.463306899367834,-0.20625351339666764,-0.5347155444835279
0.13188283362033082,-0.42535474037782106,0.7490561841819905,-0.046785473705575065,-0.10115205905987468,0.6599424510319152,0.06386073006454485,0.3532207372355938,-0.3576294090421528,0.5507122311980381,1.4135338043890968
-0.7746029889087438,-0.37129932880777994,0.5093632953432972,0.0027213793733049663,0.7742219191737727,-0.10873443121002291,0.10129674573454284,-0.6690851349632041,-0.6619756480166323,0.9797760566039613,0.60768016971844
-0.2183833668147086,-0.18097901704073105,0.482070740923886,-0.038670563185094764,0.09165966784573198,-0.511702123021035,-0.17270869738732864,-0.15937749179907157,0.9866099685907928,0.09523491702612974,0.3075753963875851
0.04793385590389221,-0.13336008712050895,0.6219155712592821,0.6268286373355223,-0.41749711481825713,0.389994326032316,-0.09072207071585958,0.6494699042433425,-0.2510912993557026,-0.3143372287407602,1.1232821433188587
0.9464701615705966,0.47776344978257557,-0.048937065230891585,0.908901903288664,0.5566372036941618,0.983541136969023,-0.9311879419695728,0.6510837873729758,-0.3629771587856834,-0.7584982598122445,1.6880566111525979
-0.7696148172421866,0.6884168302422706,-0.4430138517220745,0.7127268898633257,0.9609261701421581,0.2317001585591567,-0.41010390514318207,0.04437872051987579,-0.020205463624414444,0.9846310708329107,1.2284546491858668
-0.641861053769025,-0.12241912669237709,0.214513003361388,0.31929941900008085,0.6740762630179873,0.20807584788711098,-0.2748141880085708,0.09012847617137787,-0.37996426355585156,-0.3048705744583491,-0.24153809550664126
0.977515869527031,-0.7404860053021476,-0.17722901174420858,0.5614490302420063,-0.7072617539423909,-0.7509993156367867,0.5202484162897025,-0.09368027936869883,0.6542120562356228,-0.2958584815611067,0.1985622633081267
0.4492339812493622,-0.6751622589630619,-0.3101783199225887,-0.7569200385557053,-0.7002578062036666,-0.42116549932152414,0.1501956862172873,-0.7392667479416928,-0.5305677647524945,-0.6682345504494502,-2.24585018471359
-0.5488963586406133,-0.8098814100134788,-0.5814072225017977,0.3759721707845909,0.1872250684155785,-0.18233288953933147,-0.9570929082235908,-0.8212136063049651,0.4663502599172964,-0.943055714811214,-1.868306740247444
0.18662279212895583,-0.7522348954168563,-0.6347209483515053,0.8660305895361085,0.20338798981357642,0.34473358071938875,-0.34171534448550855,0.17120935136181803,0.36845499358020484,0.017159233469058455,0.44656342253234027
0.19618461599009485,0.36592431162267447,0.5463929875410563,-0.016057587751475033,-0.7911466527872055,-0.5510525906777433,0.07330928255859859,-0.29795982619739037,0.05215776053053767,0.6280809046547384,0.8172151722034816
-0.2581547985769008,-0.04608829165590733,-0.3689527665426553,0.5873557973954548,-0.0028052995537537484,0.031086727073810216,0.6601083595501633,-0.1480048978760229,0.2984157855906868,-0.06571805081488513,-0.10148788258516285
-0.5598770476787234,-0.31931089096483833,0.7788701645322595,0.5367934948450317,-0.9429553535675577,0.339795759374387,-0.5672746536174014,0.5985838460392068,0.9656042412840931,0.974146432070893,1.682171089290074
0.03632364687398182,0.48407262973631826,0.05076723984346376,0.008337990585946864,0.01126101116935807,0.9087754684008391,-0.9745216962717771,0.9292913426769229,-0.09691863742750217,0.12585920664922035,0.8284870613377323
0.04971795577994653,0.1640846103842588,0.021680271954115815,0.20234288465866324,0.7111995992904492,0.7424180201194903,0.6460391271462529,-0.8565423564900383,0.932559987367571,-0.23272081029701774,0.1440296738579866
0.1101450335978662,-0.79343009885234,-0.30952012254395833,0.1893950791531216,-0.48929705782488364,0.8119745295879279,0.5686810893315737,0.9809852439634608,0.5297601401334822,-0.48093650283172074,0.10781165751673161
-0.7959984878058477,0.4573402617304394,0.7120977239511566,-0.9717330088574645,-0.38683150985697967,-0.0050262584753959505,0.4842201018872807,-0.10498926185077972,0.8897073647775149,-0.5971864097105841,-1.404933278930773
0.8614630406954933,-0.6582035218135267,0.17205373726097273,-0.6924610938590985,0.6364232864034376,-0.169873862919947,0.5855119569880765,0.4284701120402068,0.9370498864524481,-0.0049745373033107665,0.7039019815115719
-0.352275937301219,-0.5578524651230974,0.0647027475646953,0.5417339607471583,0.5536362886275497,-0.9291663324445654,-0.05514996088776769,0.4115867531116577,0.08942245470474441,0.9922643689784791,1.286048720890859
-0.951636560249054,0.8373663519280625,0.810707482206863,-0.7369580260527571,-0.3978595768900868,-0.67669891637851,-0.47499902474187405,-0.7042601863041649,0.17785043299268732,0.13210098240077262,-1.024010590796452
0.17650353656021167,0.7906702355936737,0.6239260509665976,-0.9676098218933396,-0.7931361564614736,-0.08285449658978372,0.9842397063634118,-0.33104200590204513,-0.6403243324370831,-0.32954014861328784,-0.9964842998749843
-0.19649201096937818,0.7666918595897945,-0.31879990490077303,0.7953718796001303,-0.4565062865996319,0.007002908810748831,-0.8384139514211031,-0.06483372764241224,-0.6039076219406339,-0.02018675882887755,0.3220908840605398
-0.9509071422093747,0.6174636020516824,0.5564028480938745,-0.09975343052131413,-0.3610988240622435,-0.15899339105035426,0.7932187868200133,-0.07926713279735997,0.28076952029641156,0.28046112690820113,-0.11468195067099834
0.6408806640158504,-0.23635022050212684,-0.10055080708393493,-0.20951053000575448,-0.09065169652782656,0.11611733552397663,0.024107182042274244,0.10127247693548158,0.26724835025841776,-0.7684928995784646,-0.4875221013228511
-0.675591381580902,0.804413669568929,-0.529538842152107,-0.5200423652197166,-0.7601697009223864,-0.9272060012937109,0.7565449358724254,-0.6689324627676094,0.7314127286603591,-0.711422319225752,-2.9142067162587093
0.880651592032075,0.7927420059690138,-0.3526493244896516,-0.9154252281846997,-0.9105693542145237,-0.4472529915314354,0.5594289985115204,-0.3067578534537574,0.5515040902469557,-0.1468035822295064,-0.9513202630369175
0.0648806399736801,0.18110854641776597,-0.03952246192242814,0.724448842696499,-0.03721317345858588,-0.22983189808944093,-0.5867927489794347,0.6339900251849864,0.4675537344551006,-0.17432361731562773,0.7734871254600358
0.16527896128560182,0.5705668313878822,0.4423308566837345,0.5099759921701867,-0.06097980380219492,-0.12542704399537596,-0.5765116656103533,0.29993373689704406,0.7587317869400221,0.7586410295384021,1.9377109954061802
-0.6388109960829322,0.9896052732931315,0.40119054003346477,-0.1622883640618269,0.6585024169253941,0.618556617717676,0.9319300951063434,0.34900895454432135,-0.651485326256142,0.21119475609696892,0.7254969316128025
0.3779274666006076,-0.5968612202274488,0.959443439774726,-0.22233081430459145,-0.7822728278234317,-0.09706074681553734,0.21767320475937146,-0.07430101863551197,0.9268721627301377,0.7832091095094107,1.3519246465376056
-0.12078991446559573,-0.989421595059123,0.8405222628811455,0.6839084231963914,-0.9021041151236286,0.5289687562523973,-0.23268364297110455,0.8558051339996455,0.12684610802490037,0.12738891688168108,1.5547646548126486
-0.05591684424589216,-0.6764953554542581,-0.23315224666775003,-0.02217919282369407,0.5512779292776802,-0.795718331133102,-0.17514602465119533,0.11898735384163839,-0.5544377224686614,0.29728989162520225,-0.0028147338233200647
0.9559336679106691,0.35259734093404416,-0.6013211001727232,0.041279221379259434,-0.32979782587229667,-0.9576941161308901,0.9906428361256205,-0.5703771134403206,0.28535865046604725,0.12931026140787494,-0.1710172989839607
-0.7670942441660091,0.8507915518849276,0.9341241642293479,0.1983399682025564,0.7065959936167263,-0.04437347799250091,0.7625616368891222,-0.8783504528497081,0.06956383286106638,0.3516954403658821,0.516251796306517
0.6292070494692377,-0.5146338890043738,0.8019303319356188,0.5155496866013956,-0.23089842183919962,0.43607670042400515,0.9213715278528556,-0.5235927803992539,0.9504308611285217,-0.5734174446712805,0.8226575226376776
0.6364710745192192,-0.2802694501363401,0.30236058335966653,0.8827946817212045,0.07606522727596055,0.5450479409248878,0.6153011211356962,-0.1997371432242565,0.8981728748398101,-0.6780935708287297,0.9719330200379639
-0.3560505035200785,0.41569041867381396,-0.20569941117360058,-0.7336050374813219,0.040871863124292585,0.182327111669764,-0.6583803723020072,0.3599541162288873,0.29438120267267465,-0.9185178200867927,-1.6309350465740629
-0.4959272230024725,-0.4968801161488896,-0.8151371439400663,-0.09527213485592001,-0.2776408601260454,-0.18130115746219722,0.8519674420607082,-0.12136889611396562,-0.24328797073414332,-0.8859509316483789,-2.212079682872795
-0.45082068605169723,-0.5576274399857819,0.6551979512353749,0.18018552248977038,-0.006604957989577276,-0.8753025908661103,0.6360881367911615,0.002036285636469959,0.03497746518414635,0.17590109911549745,0.27637382086705353
0.240192647893249,-0.6305115417618765,-0.312646749370171,0.13483263881047347,-0.8197101872419934,-0.9137057796721417,0.7591025339501984,-0.9423869118067689,0.8902689252788265,-0.5393752550869899,-1.32300127589775
0.6095738129963437,0.1387013277878837,0.5400654462229753,-0.0628547218525346,-0.21637039341231068,0.9731516685918649,-0.7391728171563421,0.26951859770676356,-0.008133194061964444,-0.09874832299158331,0.925768309608811
0.25311511128434083,0.2824596249588671,-0.7412033334878905,0.39574986537590395,0.17242168588013573,0.5803044641513848,0.0904721992658657,0.952395056646546,-0.4458016778481999,0.9787191773661361,1.6643356993124674
-0.6163316892381856,-0.2717413652285372,-0.18508791983442063,0.459485175091207,-0.3644166601528158,-0.3438515505226394,-0.7885864744069224,-0.05366047532328477,-0.2259598844489783,-0.6058139316204172,-1.0920254598094365
-0.8379796673855922,-0.7985039324627041,-0.4018927905979883,0.683501336036537,-0.9851372762751536,0.31014512959629736,-0.02692009609812307,0.24293025077442088,-0.6431246034570401,-0.9189602130211354,-1.6834150737667366
-0.04569287281482581,-0.31542113782240255,0.09147312052029055,0.9226596276706263,0.8275932022695218,0.8334266013730098,0.7626635895635778,0.43497438192476157,0.21450455169081373,-0.13914422625652145,1.4327525565825254
-0.9795997075977372,-0.08165190569633296,-0.971909105640101,-0.975489607020533,-0.09012962054755858,-0.3095769985181456,0.9632165565929707,-0.23999365200550682,0.6506391163183942,-0.9954910200936473,-3.699183017825574
0.670735624150105,0.21455116097349425,0.9014373785840819,-0.05231886155578769,0.4772892129576054,0.13837173946153225,0.41902458287321687,-0.21184474182491697,0.46763483212492707,-0.2337861544742854,1.153574992737514
-0.1287566921842469,0.4075549835848953,0.13492988913350557,0.24332198660588245,-0.18049350404630626,0.39836257528175967,0.4916649190876343,0.3102116469074203,-0.4075322278824012,0.8130244979998538,1.4413916214822486
-0.623205732810489,0.14517925326302517,-0.39748086358493095,0.8694262430405766,-0.614624894673248,0.2777538829716739,0.39292988725332734,0.3895630056235617,-0.02408257299032801,-0.4731472778474908,-0.4278807923643754
0.8848045479297877,-0.5070845814801406,0.20143696340593675,-0.8741747873667685,0.12767271652676704,-0.8817511412860861,0.569384296296157,-0.18055222260975978,0.6150276902845342,0.7902608201187094,0.5357131319118438
0.35842333399337956,0.5845846171294251,0.5953977793557237,0.8470566715443426,0.45663754627184505,-0.9971548772575756,-0.414233621283405,0.536245254460697,-0.782813632197725,-0.3833527064098796,1.6157704003037678
-0.6694424291600622,-0.7171597899208062,-0.24480306176018174,-0.09724533697994153,0.6755118772338211,0.012295135178394201,-0.5771441628123424,0.1842528117377642,-0.9853082579550323,0.29287357543815085,-0.4321419791662537
0.021534281322829196,-0.8497708994558046,0.4448011494502673,0.09205776939569787,0.7374321291911685,0.5653841054748503,0.28363010267510247,0.7452011573832957,-0.25539882777315737,0.5356124374938416,1.8142416481874275
0.3266502701988019,-0.712006862847735,0.34860750413816,-0.2715998862073261,-0.5113516298967977,-0.06624381163125115,0.31140681972690376,-0.904246894351306,0.30719034284805136,-0.9073748791928666,-1.2687520152702498
0.43785258328039633,0.12122598204162971,0.3328480175131885,-0.20817458395915311,-0.8018916730456565,-0.45677902105359025,-0.4364907769533717,-0.25036103329529746,0.15481016013539306,-0.3704141184353049,-0.49495860559409766
0.1412479061664904,0.7856894238641179,0.9893373759170687,0.35254832001908,-0.7278387157524644,-0.4624969688735927,-0.022275127879453294,-0.6355287934195679,-0.09681345589395773,-0.4471567901511033,0.3069177539596814
0.05139504394998462,-0.23971085090321687,0.44387040985810367,0.9130122349736967,0.02306353163424979,-0.08144595357948092,-0.0819256330956728,-0.43510364167187254,-0.10596900131429288,-0.05085392582214876,0.9811709989128493
0.9262985743121632,-0.16916579087307393,-0.886381395308582,0.007966162525441689,-0.3520595046827544,-0.40223076952637915,0.9615984308528895,-0.09994857753638708,0.17182564494093122,0.3782501674077483,-0.04960311395971352
-0.040430964317036855,-0.18642324582394987,-0.17053527915191813,0.13370741936589736,-0.23645205461072538,0.13903301271866764,-0.03579263302395175,0.6916829588288274,-0.053170591585057325,0.2861978188854024,0.5456349035187262
0.650064785520829,-0.12457071302567013,-0.9217892426845882,0.2505261138967583,0.006970441135345284,0.17107185985023454,0.7165037496473217,0.056849780230820546,0.2852933203748669,0.6164631812475436,0.5804046076192476
-0.5843491215389949,-0.2328032028756255,0.08512210358571859,-0.8531726592843727,-0.44508292515071,0.3121918255431706,-0.8249596232676266,-0.8241364858010716,0.8324736855339463,-0.047105346548729665,-1.9102436891156471
-0.3209012817813286,-0.5331204140308157,-0.476867305151496,0.2333347055576367,-0.5998227014660484,-0.2588821811754396,0.9381275395544151,0.5151085907698163,0.28393014347432843,0.5756016345380728,0.18941674580554713
-0.11740043149910107,0.7743702765395981,0.4301388617423576,-0.661350162558556,-0.7397282143881185,0.9591852193967276,-0.39493469641950063,0.8541959407531563,0.35501910971109263,0.12486466289364095,0.49750479526293667
0.491714963098834,0.8112001002481186,-0.8332707174781777,0.5489866390365128,-0.7686572338719218,0.7417942767024177,-0.6297103602071707,0.7965196785640909,-0.4193323503249706,-0.9790809866954808,-0.325464906349543
-0.7322723084723828,-0.4602051771306124,-0.9812936335841871,0.3019355134750008,0.6941815694799742,-0.5742549160482102,0.2792183141654778,-0.391807281007462,0.0853394090639259,0.3084450325651307,-0.7904876653222882
-0.8049926112464951,-0.7570609345145127,-0.5752719150077332,-0.41568019150456625,0.05128516606718958,0.25110144585460614,-0.29796393443940494,-0.27812045642187755,-0.45751247363085,0.9176276567431052,-0.8778085145810652
0.048582958980578184,-0.8894104552821807,0.31833852241724125,0.9786247810507966,-0.719442985917282,-0.3840756135584902,0.15999803322487005,0.2567472228153711,0.5965144376676519,0.34303365970550725,1.2790443861808427
-0.7209467196045185,0.5440775282930637,-0.5626792747569935,0.9740144961603501,-0.4570020536619781,-0.8114622803583538,0.0495737023245264,-0.36871577669990274,-0.28750788932299476,-0.29660512650012283,-0.8880038644717125
0.3317394342269233,0.45706330723705046,-0.6085289796933733,-0.26014663721068465,-0.988810299411149,0.9861087914720521,-0.1659850950930979,-0.5894957938633196,0.7504500463911117,-0.07801418102753566,-1.074669486947375
0.8167078934842902,-0.19545706586399647,-0.8510485305448803,-0.2705844013022347,-0.40419613763355633,0.958460011235797,-0.11737682241543679,-0.024986493415035005,-0.033880031025777635,-0.2776645684842973,-0.5830464046232643
-0.46558167912821125,-0.20540417037973224,0.6371450482771479,0.7926823481346512,0.7996006559270725,-0.10433238298648218,-0.3047737397241521,-0.060129673290914454,-0.22420495926657114,0.2769006562537717,1.4043474082098004
0.11505106384072272,0.05178559252700854,-0.14384659605919214,-0.7309765051256172,-0.43981134632174457,0.7743617797778983,0.20630840905190873,0.43968190880160907,0.8155446446233505,-0.7301072342603314,-1.3643596703107597
0.6375386399216985,-0.26446859119142485,0.11615176556154516,0.36319905573667377,-0.38665415437793405,-0.38507271578901103,-0.25231338865099073,0.09745904213022549,0.13051681528109382,-0.4393472847600013,0.37882329980424395
0.6030711988900308,-0.2779685005899386,-0.48109469257782034,-0.7465898786658733,-0.5822670895635864,0.6598149286798007,-0.7812776221571376,0.8599334635199074,0.381256841546713,-0.19180097552150888,-0.52246757175856
0.743230923742551,0.11820040406729815,-0.19303184000337592,-0.1799657524297107,-0.058220878291462164,-0.9438159953140552,0.47175683141606073,-0.03432553966988694,0.3541772044838689,-0.30830578576480994,-0.1616400721285471
0.6753150102709591,-0.11157269509391532,-0.521564611969515,-0.3498840851380174,0.5100617002254137,0.46199057459599513,-0.6069247116911725,0.3685338875639952,-0.16931781099532528,-0.5661661278614865,-0.4412854717685412
-0.28678109018299414,-0.5356099800487011,-0.48211732935420404,0.09768997299250048,0.3357216037143007,0.4937253211012853,0.6150844427395132,-0.49046444609434614,0.8797239450602299,-0.09798816731757953,-0.616572158007977
-0.9079675169646986,0.17821378680143884,0.13540818839706747,0.7436906473678742,0.8427441356047094,-0.3582768116690056,-0.04412646009429433,0.8363781776701134,-0.23662886619071455,-0.41024319138406296,0.3922978600778187
0.7816266085252599,-0.33684000729102404,-0.03852257302281337,-0.2789876111533136,-0.4098236267408306,-0.3229477891587862,0.41320138967771447,-0.25072501929206115,0.9481939846946832,-0.8160453394903728,-0.8334785412290382
-0.0021506506500443834,0.8392281842680263,0.7667342829752222,-0.074185678554342,0.7136614740021285,0.5137223084471434,0.6641933646163869,0.9236174366001175,-0.034296025101489214,0.29868337942294465,1.9433734539124559
-0.6002305893008257,0.8036036286318964,-0.7140006016364873,-0.9220702827035385,0.6019665938556022,-0.26531531504719275,0.4576189748366193,-0.044620274259176584,-0.947535987431319,0.6255834989417584,-1.088674979031412
0.44709085741697385,0.3672036595116468,0.3012306391864381,0.9174445124463286,-0.7589833802028276,-0.6373313108913565,-0.5314211028070592,-0.09561103584520048,0.7831783620041126,-0.5422740706820033,0.6395740240150035
-0.11667877935394855,0.38281654587956915,0.39066932018637046,-0.09541343045556805,0.9795628496381039,0.19865425470621556,0.05357189242065896,-0.5317827933630503,0.7736687905667685,-0.09028991570596534,0.14087339362411683
0.3684526273104549,-0.03484984648379674,0.2179506560496436,0.5924349877380535,0.7124640834607352,-0.09386970587913757,0.2895294354672058,-0.19898225742395725,0.4223054545289937,-0.00837722947488273,1.272711111305748
0.6147233175228057,0.555904157960095,0.7521480723543541,-0.24982016909329263,0.782235064053403,-0.9601261496342754,-0.09145956163467206,-0.9669524375343974,0.5332054033045197,0.22090824370198825,0.5527938719766238
-0.27470670088964266,-0.7198776035401131,0.975083051043609,-0.654711931247731,-0.9659923345852013,0.1526902964714838,0.662786420952816,-0.427911329395007,0.5864371880052055,0.593527329363206,-0.051262533135720996
0.34688718627511084,0.7611025168303123,0.7325605693014301,-0.2699969768236774,0.6678863790779361,-0.3831308927086816,0.514280049934869,-0.9944341045142131,0.11698568340620308,0.35622067636188426,0.7026577916127551
-0.6640787790561444,0.683644665651266,0.5764604098221195,0.02501605990263389,0.25903000053100556,-0.4752045534532898,-0.9929373708702445,0.37719504596490383,0.3574281229832521,-0.570805308341469,-0.2401736987867191
-0.15981471731663888,0.07147017934331545,-0.8440045704027743,-0.40603873227283294,-0.5587470271108497,0.426287272977411,-0.08325700745830256,-0.020858776159194736,0.44978498858259575,0.8982672613706186,-0.4647366753595746
-0.5851390570785009,0.4323949243048464,0.8366925777565957,-0.4475280486006272,0.31793665826807405,0.8601021081788558,-0.8578799259994505,0.10885883881907565,-0.8466859238836457,-0.2882740556581933,-0.14974228358388691
-0.24105202899038125,-0.7887566447090548,0.8803264983343988,-0.8309410683952967,-0.6135658601502736,0.5836178401600842,-0.0582015813132255,0.37121040508639047,0.6716137593555505,0.14443547542773327,0.07628314890935749
0.5827806368704307,-0.447046711546935,-0.4912700202878719,0.7374961385581611,0.3652059722945715,-0.255854072688966,0.7291755329916447,0.4019960136253109,-0.8226291579751686,0.7597959105042225,1.6339610922690153
0.741123228037446,-0.2863489897678,0.9417980849699472,-0.9586205415673767,-0.1192556686794699,-0.13398922219843867,0.5370538808541143,-0.8177111776642265,0.40564827918370727,0.7878491702674484,0.7157249900272226
-0.24257831707245914,-0.5715565076603586,-0.09712758786185116,0.39518023950039183,-0.1109060668383457,0.11600985310528644,0.305630160390854,0.804290039483865,-0.34920971959290137,0.9702423242844789,1.297018151642165
-0.7814468802574785,0.6363193974249115,0.8590805319106134,-0.10442488458371835,0.6086415963731524,-0.4202620182253385,-0.18311480540545788,0.9942208019383769,-0.04525298584276949,-0.29613386337819403,0.3152006830871479
-0.6357851228664402,-0.8175872650342608,0.17935657985921183,-0.055161461605425455,-0.8102073971189026,0.2656380148240354,0.041557733969451505,-0.5896200003518142,-0.3927162636961641,0.006691882426448803,-1.126826298070944
0.2222212380129085,-0.794952481086602,-0.7900578537211671,0.08668648379478028,0.9071937347216787,-0.3179456277254309,-0.9466790940775933,0.7248300570678652,0.42841258962670636,-0.699671823385297,-0.7043273371719203
0.8787122967408192,-0.14237102027784765,-0.778489933068341,0.9282366264210204,0.24271844993641234,-0.9296865836273596,-0.2005899548778216,0.36658432301884214,0.6145089937670163,-0.89494030722056,0.1406137296481374
0.902952697286783,0.0897741979649509,0.708937458103355,-0.24878389819280655,-0.8606015232017379,0.4756783809048908,0.4744851882666876,0.27551306631845107,0.35485786079403603,-0.35204858856258836,0.9551571940738295
-0.3783036271284623,0.38636067576645017,0.35833016550239716,-0.6494751232446603,-0.2012856242562684,-0.9423425264042231,-0.3332864847193473,-0.9150679521010752,0.998394172638458,0.29726979730402303,-0.8705011807052551
-0.20475639032672865,-0.14754221518892097,0.6769305507107948,-0.035560589072525906,0.8162177283457621,0.7620043838329873,-0.7232768324899674,0.11098548711872902,-0.875662938935357,-0.411061268499217,0.32773789099627026
-0.04398547528580532,0.7502347542710186,-0.7866421987500858,0.4036170836225532,0.5461822372798497,-0.36507854631031966,-0.7243217998545723,-0.6788671152455183,0.5591929080232971,0.07234827880193584,-0.3588228956115244
-0.3449457739740136,0.6682925197087051,0.6890658807754693,0.9964761228236858,-0.2610896410124821,0.6380638175055813,0.5446039839156938,0.900746134093281,-0.7670953507747027,-0.44997962714491013,1.492085848306048
0.3559984902237945,-0.02130489171037464,0.6558368072270697,0.35772164071249546,-0.7757256015921719,0.4640870473459664,0.17161743592083112,-0.841999927123815,-0.2784718033349054,0.4079830107954139,0.6895548557649693
-0.3739452152888558,-0.2627074708928563,-0.6325179024270393,0.9225120814257928,-0.33764678489509636,0.02961095242174938,-0.7747617905849902,0.5622075883621638,-0.519511417412954,0.6657714232070127,0.8017547396095485
0.8602010569173544,-0.7967756624868574,-0.38389050594251195,-0.7065852259174639,-0.6196049279760945,0.04422276624305432,0.057202050858951914,0.4169520104948139,0.5219771264081594,-0.8950792090869752,-1.4858944170138875
-0.7725385226028343,-0.006089844137632472,-0.6363727578943958,-0.19075065726839657,0.14208548992137104,0.5918179470080458,-0.35526765765933566,0.7296445887607983,0.6240202292433508,0.6589050856492666,-0.10075621310358282
0.9976241304745779,0.9617616432650307,-0.5739541694698924,-0.2658390440031706,0.5030116105504809,0.17362705406437917,0.942757683906065,-0.08974604923256035,-0.13643975757577942,-0.8823147016607515,-0.5969670631391352
-0.5312408004346929,-0.969211036462162,-0.7360381498989743,-0.4255795962208513,-0.6750199034401814,0.5984733845301693,-0.08798952515011926,0.1506672663698121,0.9921577784902975,-0.10088665755259885,-1.66001284909254
-0.16319625904164492,0.1408684824326656,-0.028651527099447405,-0.14430451337037153,-0.5883428479379555,0.47067842014218675,0.31302124243106166,0.5136086657946621,0.37972759110335685,0.6308435203610432,0.6730725525382152
-0.30409727640430484,0.3010985609641448,-0.8176846554835016,0.3291941234436815,0.5822528097511954,0.058309118596822085,0.8937320171915979,0.02560194738495225,0.803205431011998,-0.03830750604703348,-0.2850743576582998
0.48220442339928704,-0.4956926487739959,0.8496822657320096,0.22868263984257542,-0.09614113999685947,-0.19189489597146547,0.9573974580841591,-0.2649555010826472,0.6155552580554249,0.5454743024272846,1.6141559150728197
0.9028411598571107,0.12043832977303626,0.6919888990425724,-0.40613149407315174,-0.8703962192928334,0.6717256439694346,0.043846623427371556,-0.5792273014300047,0.6825417891929366,-0.7776830860955011,-0.29602575487186855
-0.7295082290188157,0.9026888904936641,-0.7979161677856106,-0.4304354001805284,-0.31155616105117345,0.47353594097670704,-0.12868837816349554,-0.17134910983626517,-0.6746272255829759,-0.306368474289505,-1.8720942550469655
-0.14821626951981282,-0.8671638988128447,-0.3326876587526353,-0.04453247407789496,-0.6434348161280337,-0.3817515903820541,0.6189677277804844,0.23716290952147823,-0.03143337616934372,0.3281947926262041,-0.4172125809984851
-0.2330047982018435,-0.08388273687997572,0.3525125520056225,0.1496915513396302,0.49856266889031864,-0.8780696361074742,0.6278448583883989,0.9111582903466813,0.5581924502686173,0.11115956337090638,0.824691582304456
-0.6183783488360686,0.9205694798432191,0.5580315436928669,0.924356555343727,-0.1808723943997006,-0.6106182900994384,0.5433808859551537,0.18941457081515822,0.5265814877988111,-0.8717353648090733,-0.029749861831064983
0.10624178856049471,0.4145404792915479,-0.43973847425934065,0.7201221734453962,-0.7606108447582731,0.123155179758909,-0.7978012958555687,-0.810115188893316,-0.4322028522269834,0.4439423163729357,0.33770474814229234
0.9877791348211262,0.9276751002385355,0.8700575334343388,-0.8950631155349325,-0.8383426581577513,-0.7360688675092564,0.05856206527268837,0.29164169728961653,0.17243379100659006,0.4241171823802805,0.7333620578677118
0.6144522163363269,0.55572863879886,0.6457310804317646,0.8173132993031496,0.7868000188540607,0.7454442453933912,0.9929691260262974,-0.4519912477483594,-0.7243613996787575,0.09252921104320233,2.1474231273610065
-0.5260826078139065,0.9933033462996386,-0.041632328828004495,-0.8530732456549881,0.8187641575421538,-0.9843465138115053,-0.4889402709932371,-0.22840160575010593,0.2394347696557919,0.4842176483398555,-0.6023359022611771
0.5552891650464218,0.17244864973530172,0.5609165342875364,0.7455014412215408,0.561799443189481,-0.5545131808942347,0.9533671920192468,-0.8849486491707628,0.8231866032785129,0.9635569345917951,2.2132693007248085
0.5728214961031923,0.2734782020192128,0.9894753494144257,0.25115358553097744,-0.8828974989141176,0.3815647642328328,0.9195402525367098,-0.8712932266902127,0.8621798410440236,-0.7959246753057543,0.1989752686436105
-0.7525715646888824,-0.7137076334571482,-0.5531199457002796,-0.7967230627221074,0.5982038862816015,0.961206841656286,0.45317193276534895,-0.8108992169295486,0.8648364446602019,-0.1913160111052894,-2.190474614583116
-0.818483076128389,-0.9051597213794969,-0.37326304185836023,0.8174653423313216,-0.6955970266805889,0.5319989687511759,0.451720793857491,0.16936803649862253,0.28196283512456843,0.8431334625300191,0.5366008458591658
-0.6290072106298792,-0.6662930799692985,-0.7912301654370397,-0.5565169852754175,-0.4048682411122533,-0.5131707712949178,-0.6101212435639096,0.6582719420759524,-0.0007305567391120427,-0.3798521722840371,-2.1212717116199964
0.12935949602593722,0.129326460908034,-0.3340410660089037,0.2167891639487618,0.2483730645010911,0.23441325291668091,-0.09383108956033359,-0.4788226411521319,-0.13784174228665935,-0.4091634720485853,-0.5386218227815683
0.7884300714126324,-0.9439073658483021,-0.4566387572182351,0.6035459155132967,0.8316192040375547,-0.09100215328743455,0.31874810602196013,-0.3145696586722859,0.7056040894325077,0.6782399215636723,1.6530936848853952
-0.5937125625068689,-0.49739142674816295,0.7425793666223637,-0.3048939486796147,0.44751041425398386,-0.6249932861538785,-0.29423920438424056,-0.19023509299538888,0.3734224059342053,-0.5648312382954586,-0.9077088417184538
-0.8746856398954097,-0.022912182806876125,0.04856029927643668,0.22133966808884775,0.28367613015037163,-0.4565910961131756,-0.8126424635393568,0.598344461508993,-0.3903994040739731,-0.5720954248956103,-0.5376213438750569
0.8169942703409163,-0.35514366445593826,0.6857279004786729,0.24660389949259232,0.6605130285562164,-0.24543186082187263,-0.6470935655349759,0.31481642251197806,0.26034559236983257,0.24948051523090675,2.0327967052843814
-0.5081843815180793,-0.23181755631326473,-0.6609939652653649,0.4847188032465801,-0.6348838751570547,0.4099633682870383,-0.6745843448958047,0.5417614074465462,-0.18383297720286973,-0.9157159920295748,-1.3116237971987779
0.5752013886439709,0.30884032099654424,-0.4573792492003239,-0.22594588920422876,-0.49454773208962677,0.26716515376227457,0.5224369418312227,-0.18813298263771272,-0.02559855725752702,-0.47289464918359814,-0.5964596557335015
0.5447119284786848,0.8791908145626666,0.7989187528150037,-0.18151498746665706,0.41164025934797,-0.689073470846493,0.9331837739456426,-0.8303349852071202,0.32047505655212527,0.3935595742335285,1.0203070350452452
-0.3425244787041135,-0.0612543223105686,0.7195111884238594,0.5611532192743609,-0.2337985398019058,-0.008938955433519746,0.5265389071335032,0.7556510392049653,0.8559262307592392,0.20487612137609257,1.5046408178614274
-0.6321694056767446,0.3210569280060831,-0.5257436194429863,0.13308304213904654,-0.6780326882999532,0.5052653307547792,0.9948315836383004,-0.3634229194417187,0.026294344315889395,0.7622990890246162,-0.19742006137344756
0.8322555665288041,0.699247369250515,0.9612803115640107,0.4253182622076699,-0.07841737265638482,-0.6666827580983727,-0.29581619573009976,-0.8824249289165753,-0.7805318300386468,0.8687844887435363,2.233926298330729
0.19869855012975268,0.28635992969266577,0.2424588410201618,-0.7672594583334598,-0.15619183674949855,0.7770481128534319,-0.3652879570445393,-0.6743077488401421,-0.5829524819648901,-0.9989047590009779,-1.4853077333617668
0.5804087418367223,-0.3535606027987135,0.8588558518538147,0.4048266551888864,0.4224533160622177,0.9066904960093212,0.47790224247487934,0.6771239457067837,0.26211680180874075,-0.8112186392262282,1.5008563351421937
0.02501864744958926,-0.43464642621649996,0.3291218070013002,-0.40699899325059286,0.8692275120417023,-0.6628757385389998,0.45506265228812737,-0.9059029535732757,-0.050005213296516526,-0.5260222598704583,-0.9995350232119434
-0.656716951420464,0.1596531692405887,-0.13230027829321167,-0.4608869906650144,-0.7573687100078927,0.031100648529988284,-0.7725024957647952,0.9843172532720392,0.6487376540031227,0.6077426318649077,-0.11477927162059054
0.2402458386167119,0.18523947713683464,-0.4449523933305135,-0.7081643719889372,-0.25321284557433366,0.6748809445731678,-0.10853359333540813,0.1957545744595015,0.8697747134586178,-0.010870018634988377,-0.6441991594657677
-0.3664233449594978,0.5283135850708605,-0.09794145909162544,0.3779244126959034,0.05631137503448658,0.9924599853012113,-0.8803889834377276,-0.7825471961988284,0.47780053869381134,0.43653385156698454,0.31245279336633525
-0.33671505585172445,0.07809799292723918,-0.9675694385960547,0.9978956742270215,0.7357230074871284,-0.8658610466724359,-0.9094575013674309,-0.13555865199301742,-0.8270650014357566,0.7510270790868547,0.5091042737892361
0.4436664767731,-0.608358059923563,0.32342932429571025,-0.5386357208338437,0.5595749766039673,-0.4739381352117138,0.27772352606846384,-0.8203160881698728,-0.2992759092760995,0.12677358222941115,-0.09954366563055186
0.613429006550154,-0.22541307501974428,-0.8873341737940528,0.10759261172975809,-0.1695327942492173,-0.11277839540157797,0.6167817606344992,-0.7461097075193801,-0.3415131034105614,-0.18491698421712766,-0.9972319489053876
-0.5573362513355797,0.043018740399586974,-0.012368552182080883,-0.025734012618378932,0.3819657761606807,-0.8705555197414565,0.5820177457044478,0.7020861475771376,0.9212446732640478,0.16506536419561968,0.24989598311455427
-0.596107227564483,0.20532197407908925,0.3660360986899178,-0.4230403923928092,0.3489706017989853,-0.28171828023067214,-0.4460908181762613,0.18542331325086558,0.8481310349662419,0.8264830113859392,0.5219150887727828
-0.41996823116468707,-0.4025340005789817,0.7476833036737667,-0.753906204943992,-0.3950880441312592,-0.8918845224213738,-0.5382672528252834,-0.9670952802430233,-0.22444862766814455,-0.18265063300857465,-1.7312452226863746
-0.9536880386582676,-0.1529936020899012,0.8932053993668014,-0.3707191175872835,0.17536642164078375,-0.8751100757264696,0.9451629365401535,0.5498105622256733,-0.14685931580171152,0.33995584263311573,0.28067266760898113
0.12840913169324653,0.4090374971334154,-0.9803975000943188,-0.6045814019826439,-0.21775127564374075,0.513115672514804,0.9845463560419345,-0.7090595858474074,0.977481024602318,0.37774171359422937,-1.1299956252151213
-0.8152681516057907,-0.25338625810480586,-0.30401778654116973,-0.03892018721345947,-0.6410017946736455,-0.5116079058649547,-0.7806305611231843,0.015812311873429463,0.37300687048596637,-0.2173264512268258,-1.342264558248471
-0.7909095437349323,0.8653265901431397,0.9892382146437229,0.7558288605399996,0.12275937870214793,-0.3020597957759097,-0.10981832994566032,-0.17543910942991237,0.6535376242049034,0.9107098979297279,2.107237968963764
0.09567323435910091,0.2052217740506479,-0.8717548390325043,-0.8918974477645831,-0.6498518452571593,-0.1952605389472939,0.6414871393861903,-0.170852180030709,-0.2936552987986334,0.0002859507383272675,-1.8365394827578696
0.8492843750515213,-0.1325496088864404,-0.9374196000092041,0.39835712227122144,-0.8564902687470635,0.9850755744003938,0.20076505638993436,-0.8466899288553962,0.3174611197526571,0.14744918431864784,-0.1022665583681172
0.5377841272330273,0.611722973747229,-0.15458539124855886,-0.9166207406205784,0.4987155526014888,0.20022476637999875,0.37133812987878256,0.4630685476715075,-0.7191753612816201,0.24713777188454977,0.03192016951709081
-0.8913833088888217,0.8140330706116625,-0.32489444826379765,-0.7055778197604727,0.6482820227866497,-0.3441936272913564,-0.624335792448832,-0.39969379480722456,0.44112272178155765,-0.2208099284473295,-1.6638046545886591
0.14178372157930785,0.9309537569428425,0.12372316953436524,0.5982101781220663,-0.3026442420592661,0.9275680674274267,-0.13256266589669052,0.09813713394853196,0.060056862994884996,-0.7263736309721707,0.28705122836643365
-0.4507830429502582,0.6164041231062178,0.12762871244579377,-0.5134762197442226,-0.01928879669174366,-0.6535238912014207,0.40399648927609166,0.9364277344453009,0.7642199101319691,0.6557671238833953,0.4108339146439612
0.5914959553458148,0.5942525105751653,0.1673672954147325,-0.8459151557183529,-0.6611782525135077,0.8221540682231612,0.9816944315996052,-0.13017612824640068,0.3856688017151537,0.86774854940929,0.4592201095489485
-0.7497616431184237,-0.20848775397237085,-0.18565801736296383,-0.30262518695514373,0.10058035564805157,0.8315629503829316,0.13339275638381598,-0.437105302913936,-0.9044674796616803,-0.4235154650369999,-1.728516476666593
0.1920071775515677,0.547381117174327,0.163843298602677,0.5362466081705157,-0.7820188253250038,0.4786327152212617,0.5518643714360663,0.6053368806766899,0.5725216776495989,-0.23513094506288046,1.0861250283958326
0.43961966110779094,-0.7655836726992098,-0.11150962569061917,-0.44612386770361145,0.4463490108057857,-0.8843814938746728,-0.36142908344847813,0.19625098260489793,-0.043383707576567065,-0.11736892535418963,-0.35936401866211365
-0.8330123986045199,-0.2625046837905374,0.6930002902939967,0.5068106093348399,-0.9000011536297221,0.06933438871931852,-0.3019096910541881,0.9951172608528047,0.3786509599322654,0.8849870304580001,1.5298377011174282
0.5201406420554631,0.5720623317917204,0.6215191568881424,0.6385820629696268,0.46563517502204244,-0.22144144776640107,0.17907316688940345,-0.9130186704231171,0.14026577233075432,-0.25828158573092797,1.0604242710511902
-0.2658993369137568,-0.32312513334349013,0.3671570573544183,0.972256781102705,-0.5311286978459104,0.3809038379762426,-0.14984951569058502,0.22527875832435762,-0.4954999095003665,-0.2879976978035945,0.8086618611035418
-0.919159918340392,-0.14039884222633958,-0.37410878085411414,-0.5360013814729332,-0.07125178967950285,0.8023090138673252,-0.900982918035026,0.1660075843159905,-0.5286252596879701,0.46623151976931543,-0.9778777024190779
-0.22136615072571186,0.05800158082990503,0.07752230261547233,-0.11042942245266629,-0.19256497445751886,0.5962033995438525,0.6249981775497797,-0.5204403125078243,-0.11120232845377553,0.1393437519061691,-0.30328423510889735
-0.6685447734510161,0.1863288313021143,0.06024505714101158,-0.9915801849254711,-0.0024511609991626493,0.8782775860153476,0.7834174872520121,0.5684902098909168,-0.9306659923575153,0.34056749038776335,-0.4359932822063639
-0.6547911548955614,-0.3543599401718349,0.22579632258395632,-0.6535056937309138,-0.48157822451278354,-0.20080884172772495,0.7200291224199431,0.3895906397913451,0.8175437758595208,0.7021359100900366,-0.16345066129291397
0.5083136397272545,-0.5849075663925831,0.6631410195057477,0.7527720879472692,-0.3443984304788483,0.14192708946435806,-0.9062123844360888,0.422200509619431,-0.16740184956066195,0.8547655911214351,2.697996817700295
-0.8889297495049617,0.8827012232098845,-0.4181397397385882,-0.9059006991789003,0.8904619715710529,0.9379746541932406,-0.5001825606231316,-0.3790767165424511,-0.7693025266731215,-0.6610956255999023,-2.164066822945345
0.04045597713530502,0.22965275500643378,-0.21756842116828046,0.2254686277492064,-0.8035479901237355,-0.7787145301180667,0.03762594486828319,0.9764761119216072,0.16785212089648294,-0.8379168054192367,-0.6990332155003653
0.1553229432522265,-0.6577439670151841,0.0751307055082957,0.5847420081806283,-0.0074740249027382966,0.802456259719144,-0.5603736057375988,0.43525317051914403,0.847486130914564,-0.01321877498439461,1.1794363118571791
0.5915506686367455,0.7601634931013337,0.6455186930399788,0.7472291204990846,0.5353624615236616,-0.6822601698650359,0.599053151468971,-0.8839053579905527,0.0919578772149392,-0.6414677299853346,0.9561201672425501
0.09442005751541527,-0.010879093628005876,0.03695579718061426,0.4036693128383744,-0.1576731169932848,0.03648374488516404,-0.8247136883792372,0.28686117905040454,0.8486950055203519,0.06298030121581122,0.6215411519952703
0.23032779647469392,-0.7716593652574053,-0.790282961553411,0.21442781056637483,-0.28634978873937844,0.20509617247073764,-0.6606305707986355,-0.3934222904036333,-0.4672508310841985,0.35978709090202066,-0.2221792712502941
0.9016235135916841,-0.6236445296305522,-0.6354827715101894,0.7149005659181356,0.15661099522369315,-0.35545824051178254,-0.9722801904727143,-0.9811648818431891,0.1470817385347878,-0.5028827009384134,-0.40326413566044506
-0.1572519345769332,-0.8679576259954609,-0.029678601093588775,0.7651084508314845,-0.3174772753264672,-0.6983595109989771,0.5601425862275744,-0.67071567795871,0.2643224662942909,0.17700380461180965,0.0007823742915873122
0.20915873138567842,0.30647659344190514,-0.39290401272585096,0.829371564927734,0.7562717414281488,-0.6411118348348879,-0.03646550519585179,-0.8047976804871897,-0.5324519123637506,0.3751325242784145,0.6190256686817353
-0.16498112763727457,-0.5019129391640409,-0.5871696363879257,0.9152781053049044,-0.9549553982471259,-0.9968853475808714,-0.3874401972302337,0.5761021936957456,-0.027985777456702943,0.6389063563278807,0.5386868184349988
0.5076668201693495,0.8038385505309507,0.45650349681318647,0.15166945810165977,-0.9770561319735731,-0.9704881861742105,0.33656464539464315,0.05009039886543376,0.23176363092542762,-0.9437475065480061,-0.3881108869428012
0.574272897404448,-0.9661755457939958,0.14624130238815303,0.39565448043384155,-0.04471976767731367,-0.4317430075471318,0.5966068929150352,-0.8613174441732663,0.08156363571240743,0.8458648233715389,1.12109413192802
0.1836575787049155,0.725780848168365,-0.2275414097230044,-0.18543911603834817,0.3395641487999119,-0.6521979136327642,0.28196101993013634,0.14270243915346237,0.8887343976885764,-0.7105808417468089,-0.7241181548535325
-0.49890610589754036,0.6274342567487272,0.3928270181091278,0.7184242980547264,-0.9797643862304786,-0.6832698371947088,-0.24984119417129258,-0.265274976905002,-0.08392239732127815,0.01737349308301761,0.25682457690720284
-0.5171210998919562,-0.9705781674819769,0.9511577014835033,-0.11745022869364119,-0.11191033228101266,-0.3002014842459759,-0.1947804271146225,0.3872918963409677,0.7237445745507756,0.06836877214495574,0.4718273381422037
0.5178779325732992,-0.8067122732043557,0.9046137733102626,-0.11545148014600937,0.053450567045055575,0.18140385795919234,0.7127037927996394,0.44679373934586164,0.20952937624259294,-0.594044545453996,0.6806448990204487
-0.8335113569316119,0.1102147811336549,-0.9925892821084712,-0.9205619227081807,-0.959547041447582,-0.5580628431672476,-0.49872825818593824,0.3286378652183277,-0.8655231273262907,0.2510714206930307,-2.5094567057275334
0.7389410570488928,0.21748315153293696,0.7093202155486649,-0.7936421132109581,0.044474812086320314,0.9941359833372001,-0.5638575763008338,0.036269346897181975,0.50650746944117,-0.9298323224864464,-0.0869392846241631
0.627556147029571,0.40987026402437476,0.669909388140157,-0.6350152021175581,-0.007312948404712305,-0.5765200887490589,0.1684825690941507,-0.5276410750812532,0.7830054816405354,-0.5860601586089098,-0.3505432368749617
0.00749560865021226,0.45005113554868603,-0.285627066219015,0.4465118418835643,0.9940251631853763,0.8387261101584098,-0.5040360208160983,0.8390636847048161,0.7573125763495767,0.022443253496885474,1.1671027064811994
0.09370604263011773,0.5077848208923494,-0.6122592524081363,-0.3800663558256818,0.5714040459187042,0.23691055833695995,0.33559908412919937,-0.8111987916174594,-0.2734000649391535,-0.38390969471837,-1.264019352417305
-0.7242804391017625,-0.37558633271708186,0.6940688240446293,-0.9396419684408683,0.9980226398653338,0.4120593520835092,0.2155440704252085,-0.019557780116275847,-0.041237434647676485,0.7919459946991569,0.26652280591139393
0.3324071141179672,0.4338061165802285,-0.3324292462707201,0.22916395387318889,0.7915912604852458,0.11518038722385193,0.9030036885053192,0.41220112475315585,0.5125819061513852,-0.5319567478362672,0.3661526788766127
0.23363392825699503,-0.624201683504076,-0.3304799881952394,0.9584720132710285,-0.07525998682224921,-0.00934306040535371,0.8082016577510256,-0.06891979359756273,0.011970810869001314,-0.6433541711528947,-0.09433574759511149
0.20737429787168304,-0.05338845960716676,0.8682727742114891,0.9382206841099197,0.3794243902261818,-0.31659171275919995,0.3051324066557526,0.3771943097116781,-0.13640225412481954,-0.21751711387971162,1.9762120345657694
0.7353220463307797,-0.8089784532795044,-0.8412474739758069,0.37263991251642903,-0.1327927942555409,0.12773649350774496,-0.47080544455476536,0.6815411189939222,0.6807974233399823,0.8874183614848876,1.4978985294774945
0.3372134898371788,-0.5599224232357392,-0.47741666337187794,0.8270051557005431,0.4593917860634691,0.7544567235905644,0.15644641397059167,0.6026715932312698,-0.4832299920571952,-0.6203591455473176,0.6341859776097518
0.14678900405448547,-0.04627463492046924,0.899892403727363,0.30515509863977974,-0.6872906600655562,-0.6914660679770026,0.5517505825853006,0.9103588346173868,-0.17249348216547689,-0.25803058922167055,0.9679115853062674
-0.8300852300369042,0.004170034833916425,0.3666952573442954,-0.9962865522980697,0.13125136311440522,0.4311868160877994,-0.9918766847584293,0.8052858101043818,0.9573024239954975,-0.6314138251810824,-1.2010663104315245
-0.7779440719793855,0.639506135832824,0.4151568913571977,0.31866809958318654,-0.8891756152734942,0.04072235294950688,-0.6480077396902,-0.36113035346961353,-0.5500156637977569,-0.22838013512435307,-0.5626488636785794
-0.8798576481832403,-0.9694252485644486,-0.7757913182531446,-0.6060683404735276,0.5622515826696131,0.7046509425313889,0.30804202543276005,0.13297839550522794,0.39741818918676386,0.34015589516108125,-1.2074745512702985
0.14670790647476006,0.31821192367670403,-0.4725596439016946,-0.10007129734123166,-0.15647092686083686,-0.16628581406944032,0.4278946332211304,0.5514516807193466,-0.9259540573374958,0.36934139417567446,0.08926805539742028
0.9456174170687437,-0.8046231889972737,0.7689634024080949,0.5174680421651645,0.8524741048258409,0.45059056055358027,0.6290274043854613,-0.20660912499398876,-0.6138845401059265,0.8653239069010137,2.729490552098612
0.49800233980620656,-0.35272421774051055,-0.08965536855471679,0.9776032434718418,-0.6891921576366973,-0.5529397974716064,0.333276738788403,-0.8966458941180042,-0.7884460886298297,-0.1632213659477031,0.32154720996591624
0.7541055965636181,-0.1848486644763685,-0.681838678703446,-0.01967689617559243,-0.4242189857470555,0.5063778041761935,-0.9769864091210048,0.5716834799741177,0.08637846936955573,0.9215767659927836,1.092695197554206
-0.8671094665023682,0.7902282595800967,0.2714672571846968,0.12387079676554036,0.31291968821982397,0.8918534571882124,-0.1521515863182552,0.11525923114004843,0.35488768047834385,-0.8505676242885536,-0.6064776697542836
0.9224585647615839,-0.009194447727499222,0.011286042880872538,-0.5651283387449946,0.3999777378027123,0.7196551545170782,0.11152645036945108,-0.21408024999466835,0.4823507146648982,0.5384489353741357,1.1241806313746094
-0.3648267533045766,-0.8046612439641863,-0.3751312495071091,0.1913729435032543,-0.014920910292694378,0.7422982492030958,-0.8962734569961506,-0.4722712028907119,-0.8936656383255517,-0.7985783035998015,-1.6041291216607796
0.39227182759714596,-0.278801041513427,-0.3056771055921792,0.332957664519576,-0.14329367385409797,-0.736736634891777,-0.8162541838783761,0.7695203207441621,0.44363663589831526,-0.6413733736962051,-0.09178225962997273
0.41530420756705366,-0.5472464148129188,0.8314358063043863,-0.5831902417900978,0.20106391737124962,-0.9381395189790758,-0.2530524101982261,-0.3042543647528442,-0.34606716865647247,-0.752581694410662,-0.503130104870945
0.7998938370775228,-0.04780536799987867,0.8442327674202126,0.8790262943742881,0.38610397005232744,-0.09521529552703134,-0.5772196897165689,0.059242511774354245,-0.30298926986395425,-0.45597965766493487,1.886863124889233
0.8418312540311359,-0.030040483336668533,0.7990580487520857,-0.7762514142619144,-0.7758202537911665,-0.14332301618964904,0.7462365834853337,-0.9156451725382422,-0.6704313743124357,0.3939826382485223,0.32783902393765274
0.24581786569860298,0.11748584556741348,-0.9676579938746239,-0.16517055267616043,-0.9890488875770571,0.39482169718842797,0.4289199450680843,0.7618316431799652,-0.9703493106962118,0.5939482319726184,-0.08238133967272915
0.8984758301392912,0.21132076533539523,-0.6484237892593387,-0.5233777888180304,0.891279234372115,-0.17052628180648122,-0.9040957285828699,-0.1969019445843896,-0.40506734908781206,0.9815026270148932,0.6865561975637664
0.7795863622671324,-0.8752780556923718,-0.8010784918162239,-0.2539166273269886,-0.8828212058951141,-0.39909178064814443,0.8588299113340172,0.12038404599474983,0.23825585037938368,-0.045042219237817926,-0.7425183685639
-0.9804368719289336,0.7035726359866512,0.2050876020310186,0.030203517233950095,0.19739143996792086,0.5755565793106565,-0.947854985410093,-0.3581961541807037,-0.9505208488157366,0.6865292322017327,0.09815539808704878
-0.5542757965086045,0.6037793244359131,-0.09608943012154736,0.18427635298464162,0.8902878793054922,-0.7810578826130559,0.6068351863878405,0.3852043485057781,0.4263408190838498,0.7154377645612218,0.8418810505736493
0.5057703773427691,0.8937969470214528,-0.4862381260427686,0.008000845839215343,-0.7942993680806631,-0.8459254471303317,-0.36410607105490067,0.6036854243208949,-0.5414722392885338,0.29180072180343397,0.25031352712152455
0.5663574183800288,-0.6953608365286548,-0.0981270043283069,0.08959719418846968,0.9949344354966327,0.25119161385045463,0.5494544016599066,-0.0750756648076163,-0.6494722935761013,-0.4530008009561881,0.2547881622185072
-0.6153793025538357,0.9251586207389277,0.9263315938654355,0.4615228243635541,-0.8881647760208322,-0.5942139887086815,-0.9380342843915732,-0.7608348047437414,-0.5539060444844701,-0.5639663395426586,-0.6455233155389695
0.7248992567013917,0.3494415859579947,-0.8064676932889676,-0.693862169110603,0.7451253250153564,-0.1406557770968042,0.08218340907564081,0.2516231361195074,0.4438736621727126,0.08322973296412584,-0.3322882748545318
0.506053147893772,0.9012818244251997,-0.9156072683915706,-0.14595667575447768,-0.6702383189870111,0.22798452807366631,0.92781913107209,0.1608814247922603,-0.5732688391049539,-0.7118670833973586,-1.1336020235890427
-0.3692976855307246,0.6323567911157733,0.13999166986200806,-0.6257485280256376,-0.587311704246168,-0.08728088033040216,0.5069217149138099,-0.6776338677425753,0.5975706430025312,0.7901198835013867,-0.47641645106778396
0.5020389436901982,-0.6120564374707496,-0.5748943467642593,0.10301832988108583,0.05500608050098954,0.5904943607216102,0.6128005785822872,0.07982906150959934,-0.47073769652200226,-0.7341658256032033,-0.6291882042938015
0.44306214061429694,-0.18401200637040804,-0.5820997518433717,0.9210115513628823,-0.6223933166613791,0.5248573242517682,0.0970359139277146,-0.041412756751469715,0.2873729600362158,-0.6678612093130816,-0.21473745258280608
0.6682223013310475,-0.7260070595235537,0.5246275705447214,-0.8195342340639848,-0.938788936618238,-0.3017670633889631,-0.3053217572721041,-0.03517087835056554,-0.20047087619364823,-0.5001058703968146,-0.8079443356838198
0.8511408571232999,0.9426650485562005,0.9077601492710692,0.9654833620615073,-0.5024361705474025,-0.9843766601356612,-0.6602569082210963,-0.8743040696443469,0.7517493437871281,-0.400692476954698,1.216717954743241
0.5507461280272425,-0.6921025149566065,-0.39450185781011227,0.22840830273724588,0.7607801522377267,0.8334885902402727,-0.753696919471583,0.7927158667969676,0.4059027918167344,-0.210430912463067,0.812906831107149
0.29910723528481054,-0.5518974925002389,-0.49612524986465334,0.16896118835021334,0.15053696513274972,0.2043369825677992,0.3029038798401005,0.7829842442829471,0.26499123807442504,-0.2418952988495222,0.1792918366897602
0.3547863993137417,0.510225971224729,0.9509536468353599,0.8682769527652952,0.35542672834004185,-0.5441250016249928,0.3498640393469916,-0.03924500390108654,-0.8501444327880694,0.2382612533012467,2.108612111022515
